175 151 471 0 640 1.000000 0.423942
176 151 461 0 650 1.000000 0.414941
177 151 445 0 666 1.000000 0.400540
178 151 429 0 682 1.000000 0.386139
179 151 413 0 698 1.000000 0.371737
180 151 395 0 716 1.000000 0.355536
181 151 377 0 734 1.000000 0.339334
182 151 361 0 750 1.000000 0.324932
183 151 344 0 767 1.000000 0.309631
184 151 330 0 781 1.000000 0.297030
185 151 316 0 795 1.000000 0.284428
186 151 298 0 813 1.000000 0.268227
187 151 286 0 825 1.000000 0.257426
188 151 277 0 834 1.000000 0.249325
189 151 264 0 847 1.000000 0.237624
190 151 242 0 869 1.000000 0.217822
191 151 221 0 890 1.000000 0.198920
192 151 210 0 901 1.000000 0.189019
193 151 193 0 918 1.000000 0.173717
194 151 185 0 926 1.000000 0.166517
195 151 176 0 935 1.000000 0.158416
196 151 165 0 946 1.000000 0.148515
197 151 154 0 957 1.000000 0.138614
198 151 143 0 968 1.000000 0.128713
199 151 138 0 973 1.000000 0.124212
200 151 128 0 983 1.000000 0.115212
201 151 121 0 990 1.000000 0.108911
202 150 112 1 999 0.993377 0.100810
203 150 107 1 1004 0.993377 0.096310
204 149 95 2 1016 0.986755 0.085509
205 149 87 2 1024 0.986755 0.078308
206 148 78 3 1033 0.980132 0.070207
207 146 71 5 1040 0.966887 0.063906
208 145 68 6 1043 0.960265 0.061206
209 145 65 6 1046 0.960265 0.058506
210 143 62 8 1049 0.947020 0.055806
211 142 54 9 1057 0.940397 0.048605
212 142 54 9 1057 0.940397 0.048605
213 141 51 10 1060 0.933775 0.045905
214 139 45 12 1066 0.920530 0.040504
215 136 43 15 1068 0.900662 0.038704
216 133 43 18 1068 0.880795 0.038704
217 133 40 18 1071 0.880795 0.036004
218 128 38 23 1073 0.847682 0.034203
219 124 35 27 1076 0.821192 0.031503
220 122 34 29 1077 0.807947 0.030603
221 121 28 30 1083 0.801325 0.025203
222 116 23 35 1088 0.768212 0.020702
223 111 19 40 1092 0.735099 0.017102
224 109 16 42 1095 0.721854 0.014401
225 102 15 49 1096 0.675497 0.013501
226 99 12 52 1099 0.655629 0.010801
227 97 9 54 1102 0.642384 0.008101
228 90 7 61 1104 0.596026 0.006301
229 84 7 67 1104 0.556291 0.006301
230 77 5 74 1106 0.509934 0.004500
231 73 4 78 1107 0.483444 0.003600
232 66 4 85 1107 0.437086 0.003600
233 62 3 89 1108 0.410596 0.002700
234 56 2 95 1109 0.370861 0.001800
235 50 1 101 1110 0.331126 0.000900
